[0,1,2]
[1,0,2,3,4]
[2,0,1,4,5]
[3,1,4,6,7]
[4,1,2,5,8,7,3]
[5,2,4,8,9]
[6,3,7,15,14]
[7,3,4,8,16,15,6]
[8,9,5,4,7,16,17]
[9,5,8,17,18]
[10,11,23]
[11,10,23,24,12]
[12,11,24,25,13]
[13,12,25,26,14]
[14,13,26,27,15,6]
[15,6,7,16,28,27,14]
[16,7,8,17,29,28,15]
[17,8,9,18,30,29,16]
[18,9,17,30,31,19]
[19,18,31,32,20]
[20,19,32,33,21]
[21,20,33,34,22]
[22,21,34]
[23,10,11,24,35]
[24,11,12,25,36,35,23]
[25,12,13,26,37,36,24]
[26,13,14,27,38,37,25]
[27,14,15,28,39,38,26]
[28,15,16,29,40,39,27]
[29,16,17,30,41,40,28]
[30,17,18,31,42,41,29]
[31,18,19,32,43,42,30]
[32,19,20,33,44,43,31]
[33,20,21,34,45,44,32]
[34,22,21,33,45]
[3,5,23,24,36,46]
[36,24,25,37,47,46,35]
[37,25,26,38,47,48,36]
[38,26,27,39,49,48,37]
[39,27,28,40,50,49,38]
[40,28,29,41,51,50,39]
[41,29,30,42,52,51,40]
[42,20,31,43,53,52,41]
[43,31,32,44,54,53,42]
[44,32,33,45,55,54,43]
[45,34,33,44,55]
[46,35,36,47,56]
[47,36,37,48,57,56,46]
[48,37,38,49,58,57,47]
[49,38,39,50,59,58,48]
[50,39,40,51,60,59,49]
[51,40,41,52,61,60,50]
[52,41,42,53,62,61,51]
[53,42,43,54,63,62,52]
[54,43,44,55,64,63,53]
[55,45,44,54,64]
[56,46,47,57,66,65]
[57,48,58,67,66,56]
[58,48,49,59,68,67,57]
[59,49,50,60,69,68,58]
[60,50,51,61,70,69,59]
[61,51,52,62,71,70,60]
[62,52,53,63,72,71,61]
[63,53,54,64,73,72,62]
[64,55,57,63,73,74]
[65,56,66,76,75]
[66,56,57,67,77,76,65]
[67,57,58,68,78,77,66]
[68,58,59,69,79,78,67]
[69,59,60,70,80,79,68]
[70,60,61,71,81,80,69]
[71,61,62,72,82,81,70]
[72,62,63,73,83,82,71]
[73,63,64,74,84,83,72]
[74,64,73,84,85]
[75,65,76,87,86]
[76,65,66,77,88,87,75]
[77,66,67,78,89,88,76]
[78,67,68,79,90,89,77]
[79,68,69,80,91,90,78]
[80,69,70,81,92,91,79]
[81,70,71,82,93,92,80]
[82,71,72,83,94,93,81]
[83,72,73,84,95,94,82]
[84,73,74,85,96,95,83]
[85,74,84,96,97]
[86,75,87,99,98]
[87,75,76,88,10,99,86]
[88,76,77,89,101,100,87]
[89,77,78,90,102,101,88]
[90,78,79,91,103,102,89]
[91,79,80,92,104,103,90]
[92,80,81,93,105,104,91]
[93,81,82,94,106,105,92]
[94,82,83,95,107,106,93]
[95,83,84,96,108,107,94]
[96,84,82,97,109,108,95]
[97,85,96,109,110]
[98,96,99]
[99,98,96,87,100]
[100,99,87,88,101]
[101,100,88,89,102]
[102,101,89,90,103]
[103,102,90,91,104,112,111]
[104,103,91,92,105,113,112]
[105,104,92,93,106,114,113]
[106,114,105,93,94,107]
[107,106,94,95,108]
[108,107,95,96,109]
[109,108,96,97,110]
[110,109,97]
[111,102,103,112,115]
[112,111,103,104,113,116,115]
[113,112,104,105,114,117,116]
[114,117,113,105,106]
[115,111,112,116,118]
[116,115,112,113,117,119,118]
[117,114,113,116,119]
[118,115,116,119,120]
[119,117,116,118,120]
[120,118,119]